	-	A	R	N	D	C	Q	E	G	H	I	L	K	M	F	P	S	T	W	Y	V
-	60.6	3	2.1	1	1.3	2	2.9	3.2	1.8	2	2.7	1.5	1.5	2.4	1.6	1.8	1.5	1.8	1.3	1.7	2.4
A	19	55.6	0.4	0.5	0.8	2.7	1.2	0.8	4.3	0.3	0.6	0.8	0.8	0.2	0.3	2.3	4.7	2.6	0	0.1	2
R	13.6	0.5	64.3	1.3	0.1	0.1	1.3	0.6	0.2	2	0.2	1.3	5.8	0	0.1	1.6	2.7	2.9	0.4	0.7	0.5
N	6.4	1	1.9	59.8	4.8	0.7	1.6	2.8	2.3	2.2	0.7	0.9	3.6	0.8	0.2	0.1	5.4	2.6	0.1	1	1.3
D	8.6	1.5	0.5	6.2	66.7	0.3	1.8	5	1.2	0.6	0.6	0.5	1.3	0.1	0.1	1.2	1.6	1.1	0	1.1	0.2
C	13	11.3	0.4	0.2	1.1	59.3	0	1.6	0.9	0.1	2.3	0.1	0	1.5	1	0	2.9	1	0.9	0.6	2
Q	19.2	1.5	2.5	1.7	1.3	0	51.2	7.4	0.9	0.9	0.3	0.7	3.1	1.3	0.7	0.3	2.3	3.2	0	0.5	1.1
E	20.4	3.3	1	0.7	3.4	0.4	2.9	60.6	1.2	0.8	0.2	0.5	1.2	0.1	0	0.4	1.3	0.7	0	0.3	0.6
G	11.7	1.2	0.2	1	1.3	0.3	0.4	0.8	77.9	0.3	0.1	0.1	0.5	0.1	0.1	0.5	2	0.8	0.1	0.3	0.4
H	12.9	1.4	1.2	1.9	2.3	0.6	1.4	0.5	0.3	68.2	0.9	0.8	0.3	0.2	1.3	0.7	2.1	0.1	0.4	2.6	0
I	17.1	0.6	0.4	0.2	0.1	0.6	0.3	1	0.4	0.2	55	5.2	1.1	1.6	1.6	0.9	0.4	1	0.7	0.3	11.5
L	10.2	0.8	0.6	0.2	0.1	0.3	1.5	0.2	0.3	0.6	4.9	68.2	0.7	3	3	0.9	0.1	0.7	0.2	0.8	2.7
K	9.7	3.4	6	1.7	2.7	0	3.2	3.9	2	1.3	0.4	1.3	55.4	0.4	0.6	1.9	2.8	1.9	0.2	0.2	1.3
M	15.4	0	0	0.2	0.4	0.4	0.3	0.6	0	0.8	6.5	9.4	0.1	56.8	0.6	0.1	0.5	3	0.2	0.1	4.5
F	10.2	0.2	0.4	0.2	0	0.2	0.5	0	0.3	0.4	1.2	3.6	0.1	0.6	70.9	1.1	0.8	0.7	1.1	5.9	1.7
P	11.9	5.1	0.8	0.5	0.3	0	1.4	1.7	0.8	0.4	0.3	0.8	0.5	0.4	0.3	69.9	2.7	0.5	0	0.5	1.4
S	9.9	4.4	0.7	3.4	3.2	1.3	0.9	1.3	2.5	0.5	0.4	0.4	1.2	0.1	0.3	3.6	57.1	6.9	0.3	0.5	1.2
T	11.7	3.2	0.7	2.7	0.8	0.5	1.6	0.5	1	0.6	1.7	0.9	1.2	0.8	0.2	2	7.5	58.8	0	0.6	3.3
W	8.4	0	0.4	0.5	0	0.2	0	0	0	0.1	2.9	0.9	0.9	0.7	4.3	0	1.4	0	76.5	2.1	0.7
Y	10.9	0.3	0.3	0.3	0.3	0.1	0.1	0.1	0.6	0.9	0.1	0.7	0.7	0.5	8.4	0.1	0.1	0.4	0.9	73.3	0.9
V	15.5	3.3	0.1	0.9	0.3	0.7	0.3	0.8	0.3	0.1	6.3	3.9	0.8	1.1	1	0.5	1.6	3	0.3	0.5	58.8
