	- 	A	R	N	D	C	Q	E	G	H	I	L	K	M	F	P	S	T	W	Y	V
- 	68.7	1	2.7	1.2	2	3	2.1	1.7	1.1	1	0.7	1.4	1.4	1.3	0.7	2.9	2.9	1.3	1	0.8	1.1
A	5.8	64.6	1.1	1	1.3	1.1	0.5	1.8	3	0.8	0.2	0.7	0.8	1.1	0.1	2.2	6.7	3.8	0	0.6	3
R	15.4	0.3	66.4	0.4	0.9	0	3.8	1.2	1.8	1.2	0.5	0.3	4.5	0.5	0.3	0.8	1	0.4	0.1	0.2	0.2
N	6.7	0.2	1.8	63.9	7.6	0.1	1.9	0.3	1.3	2.1	0.3	0.9	3.4	0.2	0.1	1.4	4.8	1.4	0	0.9	0.7
D	11.6	1.1	0.2	3.8	70.5	0.3	0.9	4.5	2	0.2	0.5	0.3	1.1	0	0.4	0.3	0.9	0.6	0	0.5	0.4
C	17	4.6	0	0.4	1.1	62.5	0	0.3	1.3	0.5	2.6	2.2	0.1	0.2	2.3	0	2.7	1.5	0	0.2	0.6
Q	12.2	1	1.6	1.3	0.7	0	63.2	5.4	0.6	0.9	0.3	2.8	3.1	1.2	0.2	0.5	0.9	1.9	0.5	0.6	1.2
E	9.6	1.3	0.8	1.4	5.6	0.1	2.2	66.1	1.3	0.8	0.4	0.7	3.1	0.2	0.1	0.5	2.6	1	0.3	0.2	1.8
G	6.4	2.5	0.4	0.3	0.6	0.3	0.3	0.3	84.6	0.5	0	0.1	0.2	0.2	0.1	0.3	1.4	0.8	0.1	0	0.5
H	5.9	0.2	4.9	3	1	0.8	2.7	2.3	2.1	60.3	0	2.3	0.3	1	0.9	1.7	4.4	3.6	0.6	1.6	0.7
I	4.2	0.4	0.5	0.4	0.1	0.6	0.1	0.1	0	0.1	62	8.3	0.3	2.2	2.6	0.3	0.4	1.5	0.3	0.5	15.1
L	8.1	0.8	0.2	0.2	0.1	0.5	0.7	0.3	0.3	0.6	4.4	72.2	0.3	2.8	2.3	0.5	0.3	0.3	0.2	0.8	4.2
K	8.3	1.6	9.8	1.5	0.4	0.4	3.2	2.2	0.3	1.2	1	1.1	60.9	0.3	0.4	0.5	1.7	3.4	0.4	0.6	0.9
M	7.3	4.4	1.9	0.4	0.2	0.8	2.7	1	1	0.2	4.4	7.5	1.4	56.2	2.4	0.5	1.9	2.5	0.1	0.1	3.2
F	4.2	0.1	0.1	0.2	0.1	0.6	0	0	0.6	0.4	2.4	2.9	0.2	1.4	75.8	0	0.9	0.7	1.2	6.3	2
P	16.8	3.6	0.2	0.3	0.3	0	1.1	0.3	1.1	0.4	0.1	0.8	0.4	0.1	0	69.9	3.1	1.2	0	0.1	0.1
S	16.3	2.3	1.7	2.4	0.8	0.7	0.7	0.9	4	1.1	0.3	0.1	1	0.5	0.6	1.8	59.3	4.6	0.1	0.3	0.7
T	7.7	2.9	1.3	1.4	1.4	0.4	0.7	2.6	0.6	0.9	2.1	1	3.4	0.6	0.2	0.3	5.2	64	0.2	0.7	2.7
W	5.5	0	0.5	0	0	0	0.1	0.1	0	0.1	0.1	0.8	0.1	0.5	1.8	0	0.5	0	87.5	2.3	0
Y	4.4	0.5	0.8	1.2	0.1	0.9	0.5	0.2	0	1.9	1.3	1.2	0.6	0	6.1	0.4	1.2	0.6	0.7	77.2	0.3
V	6.3	2.2	0.7	0.2	0.3	0.6	0.6	0.7	0.1	0.2	8.7	3.1	0.3	0.8	0.7	0.4	1.2	2.5	0.2	0.3	70.1
