	-	A	R	N	D	C	Q	E	G	H	I	L	K	M	F	P	S	T	W	Y	V
-	0	0	0	0	0	0	0	0	0	0	0	0	0	0	0	0	0	0	0	0	0
A	0	9.1	2.5	4.1	1.9	7.6	3.5	1.6	6.3	4.1	6	6	2.5	6	6	3.5	7.3	6.9	4.4	3.8	6.9
R	0	4	19.7	5.1	0	4.5	7.1	0.5	4	5.1	4	5.1	9.1	5.6	4	1.5	3.5	4.5	5.1	4	3.5
N	0	4.3	3.3	11.7	6	4.7	5.7	3.3	4.3	8	3.7	4	4	4.3	5	2.3	6.7	5.3	3.7	6.3	3.3
D	0	3	0	8.9	18.2	2	6.9	11.3	4.9	5.9	3	3.4	4.4	3.4	3.9	2.5	3.9	3.9	3	3.9	3.4
C	0	7.3	2.7	4.3	1.2	12.5	3.6	1.5	4.9	2.7	5.5	6.4	1.5	6.4	7.3	0.3	7.6	6.4	5.5	6.1	6.4
Q	0	3.7	4.7	5.7	4.7	4.1	11.1	4.7	4.1	6.1	4.1	4.1	5.1	5.4	5.1	2.4	4.7	4.1	7.1	5.1	4.1
E	0	2.8	0.6	5.6	12.8	2.8	7.8	18.3	3.3	7.2	2.8	2.8	2.2	3.9	4.4	2.8	5	3.3	3.9	4.4	3.3
G	0	7.1	2.8	4.6	3.6	5.7	4.3	2.1	11.7	2.8	5	5.3	3.6	5.7	6	3.6	7.1	5.7	3.9	4.3	5
H	0	4.6	3.5	8.5	4.2	3.2	6.3	4.6	2.8	13.7	3.9	3.9	2.8	3.9	6	1.1	4.9	4.2	6	8.5	3.5
I	0	5.9	2.5	3.4	1.9	5.6	3.7	1.5	4.3	3.4	9.6	8	2.5	8.4	6.8	3.4	5	6.2	5	4.3	8.7
L	0	5.8	3	3.7	2.1	6.4	3.7	1.5	4.6	3.4	7.9	8.8	2.1	8.2	7.3	2.7	4.9	6.1	5.5	4.9	7.3
K	0	3.9	8.8	5.9	4.4	2.5	7.4	2	4.9	3.9	3.9	3.4	15.2	3.9	3.9	4.9	4.4	4.4	3.9	5.9	2.5
M	0	5.5	3.2	3.8	2	6.1	4.6	2	4.6	3.2	7.8	7.8	2.3	9.5	6.9	2.6	4.9	6.4	5.2	4.6	6.9
F	0	5.2	2.2	4.1	2.2	6.5	4.1	2.2	4.6	4.6	6	6.5	2.2	6.5	9.5	2.7	4.9	5.2	7.1	7.9	5.7
P	0	5.7	1.5	3.6	2.6	0.5	3.6	2.6	5.2	1.5	5.7	4.6	5.2	4.6	5.2	21.1	5.7	6.2	5.2	4.1	5.7
S	0	7.1	2.2	6.2	2.5	7.7	4.3	2.8	6.2	4.3	4.9	4.9	2.8	5.2	5.5	3.4	9.5	6.8	4	4.6	5.2
T	0	6.9	2.8	5	2.5	6.6	3.8	1.9	5	3.8	6.3	6.3	2.8	6.9	6	3.8	6.9	8.5	3.1	4.4	6.6
W	0	4.4	3.1	3.4	1.9	5.6	6.5	2.2	3.4	5.3	5	5.6	2.5	5.6	8.1	3.1	4	3.1	15.3	7.2	4.7
Y	0	3.7	2.4	5.8	2.4	6.1	4.6	2.4	3.7	7.3	4.3	4.9	3.7	4.9	8.8	2.4	4.6	4.3	7	12.5	4.3
V	0	6.9	2.2	3.1	2.2	6.6	3.8	1.9	4.4	3.1	8.8	7.5	1.6	7.5	6.6	3.5	5.3	6.6	4.7	4.4	9.1
